9/27/24

Calculations on numerical differences between MFPT computation methodologies:

(keep in mind all calculations below use the 2-T memory-friendly method)


MFPT extension (factor of 25) versus MFPT mass decay method (run until m<=0.01)

N=4

W,          MFPT (ext),         MFPT (m<=0.01),     Difference
0.01,       0.244199113146516,  0.2339080665709073, 0.010291046575608698
0.1,        0.2444867715590882, 0.2341758435090585, 0.0103109280500297
1.0,        0.2472816968836837, 0.2367794861572085, 0.010502210726475197
10.0,       0.2688278905595027, 0.2569516160260051, 0.0118762745334976
100.0,      0.3203203970767838, 0.3057226795442295, 0.014597717532554288
1000.0,     0.3372387591625094, 0.321933536376508,  0.015305222786001382
10000.0,    0.3391709769833576, 0.3237922895970211, 0.015378687386336465

N=8

0.01,       0.2442311741635469, 0.2339378625803819, 0.010293311583164988
0.1,        0.2448069577814913, 0.2344739189658922, 0.010333038815599105
1.0,        0.2504415521845479, 0.2397248763466334, 0.010716675837914497
10.0,       0.2965651042243178, 0.2829832652807474, 0.013581838943570401
100.0,      0.435229567159161,  0.4146572408828344, 0.020572326276326602
1000.0,     0.4970014134798098, 0.4734711460347749, 0.02353026744503489
10000.0,    0.5048992388179543, 0.4810039200815933, 0.02389531873636097

N=16

0.01,       0.2442953044802866, 0.233997559048818,  0.010297745431468608
0.1,        0.2454481830818676, 0.2350708652023857, 0.010377317879481901
1.0,        0.2568448079025007, 0.2456994170941673, 0.011145390808333405
10.0,       0.3586085194030786, 0.3416642766513349, 0.016944242751743666
100.0,      0.806942784584773,  0.7907388183201005, 0.016203966264672465
1000.0,     1.1825972585265332, 1.1768829564437089, 0.005714302082824307
10000.0,    1.2482280625149398, 1.2458305390612363, 0.002397523453703476


MFPT extension (factor of 25) versus MFPT mass decay method (run until m<=0.001)

N=4

W,          MFPT (ext),         MFPT (m<=0.001)     Difference
0.01,       0.244199113146516,  0.2427798885376075, 0.001419224608908476
0.1,        0.2444867715590882, 0.2430646958794045, 0.0014220756796837208
1.0,        0.2472816968836837, 0.2458322486029611, 0.001449448280722604
10.0,       0.2688278905595027, 0.2671847410168706, 0.0016431495426320608
100.0,      0.3203203970767838, 0.3183106428993862, 0.0020097541773975713
1000.0,     0.3372387591625094, 0.3351280345940914, 0.0021107245684179876
10000.0,    0.3391709769833576, 0.3370496151570538, 0.0021213618263037914

N=8

0.01,       0.2442311741635469, 0.2428116290857276, 0.0014195450778193008
0.1,        0.2448069577814913, 0.2433817167184737, 0.0014252410630176127
1.0,        0.2504415521845479, 0.2489614715699311, 0.0014800806146167966
10.0,       0.2965651042243178, 0.2946966006784373, 0.0018685035458805288
100.0,      0.435229567159161,  0.4327804912250057, 0.002449075934155276
1000.0,     0.4970014134798098, 0.4940859794956586, 0.002915433984151228
10000.0,    0.5048992388179543, 0.501921356413696,  0.0029778824042583363

N=16

0.01,       0.2442953044802866, 0.2428751328476991, 0.001420171632587508
0.1,        0.2454481830818676, 0.2440166056542693, 0.0014315774275983073
1.0,        0.2568448079025007, 0.2553038140475218, 0.0015409938549789115
10.0,       0.3586085194030786, 0.356593323638826,  0.0020151957642525753
100.0,      0.806942784584773,  0.8279780239047938, -0.021035239320020827
1000.0,     1.1825972585265332, 1.232767318501463,  -0.05017005997492974
10000.0,    1.2482280625149398, 1.3050308958724788, -0.056802833357538995

